26-02-2021      08:42          0       0.46     -29.53      24.44      10.60     -29.32      23.94      13.87     -25.18      18.92       3.01
26-02-2021      08:43          0       0.46     -30.05      24.63      10.56     -29.64      24.02      13.78     -25.89      19.18       3.27
26-02-2021      08:44          0       0.46     -30.32      24.86      10.57     -29.76      24.15      13.75     -26.38      19.41       3.48
26-02-2021      08:45          0       0.46     -30.40      25.12      10.63     -29.71      24.31      13.76     -26.70      19.61       3.67
26-02-2021      08:46          0       0.46     -30.82      25.28      10.61     -29.94      24.41      13.69     -27.33      19.86       3.91
26-02-2021      08:47          0       0.46     -31.47      25.20      10.54     -30.32      24.47      13.59     -28.12      20.13       4.17
26-02-2021      08:48          0       0.46     -31.58      25.21      10.59     -30.23      24.63      13.60     -28.44      20.32       4.35
26-02-2021      08:49          0       0.46     -31.91      25.18      10.59     -30.34      24.75      13.57     -28.97      20.54       4.56
26-02-2021      08:50          0       0.46     -32.45      25.12      10.55     -30.61      24.83      13.49     -29.67      20.79       4.81
26-02-2021      08:51          0       0.46     -33.67      24.98      10.37     -31.49      24.79      13.27     -30.88      21.15       5.18
26-02-2021      08:52          0       0.46     -34.70      24.88      10.24     -32.44      24.59      13.08     -31.92      21.48       5.52
26-02-2021      08:53          0       0.46     -34.42      24.90      10.35     -32.21      24.62      13.18     -32.03      21.60       5.62
26-02-2021      08:54          0       0.46     -34.97      24.84      10.30     -32.73      24.51      13.09     -32.73      21.86       5.87
26-02-2021      08:55          0       0.46     -35.47      24.79      10.27     -33.19      24.41      13.02     -33.40      22.10       6.11
26-02-2021      08:56          0       0.46     -36.00      24.73      10.23     -33.68      24.30      12.94     -34.06      22.25       6.39
26-02-2021      08:57          0       0.46     -36.13      24.69      10.24     -33.78      24.25      12.94     -34.39      21.89       6.72
26-02-2021      08:58          0       0.46     -36.27      24.64      10.24     -33.86      24.18      12.93     -34.74      21.51       7.05
26-02-2021      08:59          0       0.46     -37.37      24.56      10.12     -34.93      24.00      12.74     -35.59      21.35       7.58
26-02-2021      09:00          0       0.46     -37.86      24.50      10.08     -35.38      23.89      12.67     -36.12      21.06       7.99
26-02-2021      09:01          0       0.46     -38.39      24.44      10.03     -35.85      23.78      12.59     -36.68      20.77       8.40
26-02-2021      09:02          0       0.46     -38.86      24.37       9.99     -36.27      23.67      12.52     -37.21      20.46       8.80
26-02-2021      09:03          0       0.46     -39.38      24.31       9.94     -36.72      23.56      12.44     -37.76      20.17       9.21
26-02-2021      09:04          0       0.46     -39.78      24.19       9.92     -37.18      23.44      12.36     -38.32      19.87       9.62
26-02-2021      09:05          0       0.46     -39.60      23.89      10.01     -37.47      23.33      12.29     -38.84      19.51      10.00
26-02-2021      09:06          0       0.46     -39.51      23.60      10.10     -37.89      23.21      12.21     -39.41      19.19      10.41
26-02-2021      09:07          0       0.46     -39.54      23.31      10.18     -38.44      23.09      12.12     -40.00      18.92      10.83
26-02-2021      09:08          0       0.46     -39.54      23.02      10.27     -38.96      22.97      12.03     -40.59      18.63      11.26
26-02-2021      09:09          0       0.46     -39.69      22.74      10.36     -39.64      22.85      11.92     -41.19      18.41      11.70
26-02-2021      09:10          0       0.46     -39.73      22.46      10.44     -38.97      22.78      12.05     -41.77      18.14      12.13
26-02-2021      09:11          0       0.46     -39.78      22.17      10.53     -38.33      22.71      12.18     -42.34      17.88      12.55
26-02-2021      09:12          0       0.46     -39.52      21.86      10.62     -37.31      22.63      12.34     -42.93      17.49      12.94
26-02-2021      09:13          0       0.46     -39.62      21.58      10.70     -36.73      22.56      12.46     -43.51      17.24      13.37
26-02-2021      09:14          0       0.46     -39.82      21.31      10.79     -36.28      22.48      12.56     -43.69      17.04      13.73
26-02-2021      09:15          0       0.46     -39.69      21.01      10.88     -35.40      22.41      12.71     -42.41      16.72      13.73
26-02-2021      09:16          0       0.46     -39.56      20.71      10.96     -34.52      22.35      12.87     -41.09      16.40      13.73
26-02-2021      09:17          0       0.46     -39.41      20.41      11.05     -33.59      22.28      13.02     -39.74      16.07      13.73
26-02-2021      09:18          0       0.46     -39.40      20.12      11.13     -32.86      22.21      13.16     -38.41      15.79      13.74
26-02-2021      09:19          0       0.46     -39.28      19.82      11.22     -31.96      22.16      13.32     -37.03      15.48      13.74
26-02-2021      09:20          0       0.46     -39.32      19.54      11.30     -31.29      22.08      13.45     -35.72      15.22      13.76
26-02-2021      09:21          0       0.46     -39.23      19.24      11.39     -30.43      22.02      13.60     -34.33      14.91      13.76
26-02-2021      09:22          0       0.46     -39.05      19.01      11.48     -29.70      21.95      13.73     -32.98      14.64      13.78
26-02-2021      09:23          0       0.46     -38.27      18.99      11.59     -29.12      21.87      13.85     -31.72      14.40      13.80
26-02-2021      09:24          0       0.46     -37.61      18.98      11.70     -28.73      21.78      13.94     -30.58      14.21      13.84
26-02-2021      09:25          0       0.46     -37.18      18.98      11.80     -28.72      21.64      13.98     -29.67      14.09      13.92
26-02-2021      09:26          0       0.46     -36.24      18.95      11.91     -27.86      21.58      14.13     -28.30      13.78      13.92
26-02-2021      09:27          0       0.46     -35.02      18.91      12.02     -26.56      21.56      14.34     -26.63      13.39      13.88
26-02-2021      09:28          0       0.46     -34.27      18.89      12.12     -26.72      21.47      14.27     -25.43      13.15      13.91
26-02-2021      09:29          0       0.46     -33.86      18.87      12.21     -27.35      21.34      14.12     -24.62      13.02      13.99
26-02-2021      09:30          0       0.46     -33.44      18.85      12.30     -27.91      21.21      13.99     -23.84      12.87      14.06
26-02-2021      09:31          0       0.46     -32.81      18.82      12.39     -28.13      21.11      13.90     -22.83      12.66      14.10
26-02-2021      09:32          0       0.46     -32.15      18.79      12.48     -28.30      21.02      13.82     -22.07      12.49      14.14
26-02-2021      09:33          0       0.46     -31.53      18.76      12.57     -28.50      20.92      13.74     -22.45      12.49      14.17
26-02-2021      09:34          0       0.46     -30.97      18.72      12.65     -28.73      20.82      13.65     -22.86      12.51      14.21
26-02-2021      09:35          0       0.46     -30.81      18.68      12.70     -29.40      20.69      13.51     -23.67      12.62      14.28
26-02-2021      09:36          0       0.46     -29.69      18.65      12.81     -28.99      20.65      13.51     -23.47      12.49      14.25
26-02-2021      09:37          0       0.46     -29.16      18.61      12.89     -29.20      20.55      13.42     -23.85      12.49      14.28
26-02-2021      09:38          0       0.46     -28.72      18.57      12.95     -29.50      20.45      13.33     -24.29      12.51      14.32
26-02-2021      09:39          0       0.46     -27.83      18.54      13.05     -29.32      20.38      13.30     -24.32      12.44      14.31
26-02-2021      09:40          0       0.46     -26.75      18.50      13.16     -28.79      20.36      13.32     -24.01      12.28      14.28
26-02-2021      09:41          0       0.46     -26.81      18.37      13.18     -28.43      20.31      13.31     -23.88      12.17      14.26
26-02-2021      09:42          0       0.46     -27.51      18.23      13.14     -28.67      20.21      13.22     -24.27      12.18      14.29
26-02-2021      09:43          0        nan     -28.11      18.09      13.11     -28.81      20.12      13.15     -24.57      12.17      14.31
26-02-2021      09:44          0        nan     -28.81      17.95      13.07     -29.05      20.02      13.06     -24.97      12.17      14.33
26-02-2021      09:45          0        nan     -29.63      17.80      13.02     -29.41      19.91      12.95     -25.46      12.20      14.36
26-02-2021      09:46          0        nan     -29.97      17.67      13.01     -29.90      19.76      12.81     -25.56      12.14      14.36
26-02-2021      09:47          0        nan     -30.18      17.54      13.01     -30.25      19.62      12.69     -25.55      12.05      14.36
26-02-2021      09:48          0        nan     -30.36      17.41      13.02     -30.57      19.48      12.57     -25.51      11.97      14.35
26-02-2021      09:49          0        nan     -30.88      17.28      12.99     -31.22      19.32      12.40     -25.75      11.94      14.36
26-02-2021      09:50          0        nan     -31.64      17.13      12.94     -32.11      19.12      12.20     -26.27      11.93      14.41
26-02-2021      09:51          0        nan     -31.83      17.00      12.95     -32.45      18.99      12.08     -26.60      11.78      14.51
26-02-2021      09:52          0        nan     -32.22      16.87      12.93     -32.97      18.83      11.93     -27.09      11.66      14.62
